rank,comp_id,source_id,target_building,address,unit,subject_unit,unit_match,unit_score,floor_plan_relation,relation_reason,plan_signature,metric_similarity_pct,metric_match_count,metric_total_count,metric_fields_used,metric_fields_matched,community,assessed_value,re_assessed_value,nr_assessed_value,fl_assessed_value,assessment_year,year_of_construction,property_type,assessment_class,assessment_class_description,land_use_designation,sub_property_use,land_size_sm,sqft,roll_number,value_delta,value_delta_pct,dataset_id,source_url
1,C-OCU-20260226T222831Z-001,S-OCU-20260226T222831Z-001,5500 Somervale Court SW,209 5500 SOMERVALE CO SW,209,209,same_unit,200,same_floor_plan,same unit identifier across related building,stack:09|sub_property_use:R201|land_use:M-C2|assessed_bucket:295000,98.43,14,16,property_type;assessment_class;assessment_class_description;land_use_designation;sub_property_use;comm_code;comm_name;assessed_value;re_assessed_value;nr_assessed_value;fl_assessed_value;land_size_sm;land_size_sf;land_size_ac;year_of_construction;roll_year,property_type;assessment_class;assessment_class_description;land_use_designation;sub_property_use;comm_code;comm_name;nr_assessed_value;fl_assessed_value;land_size_sm;land_size_sf;land_size_ac;year_of_construction;roll_year,SOMERSET,295000,295000,0,0,2026,2003.0,LI,RE,Residential,M-C2,R201,6090.0,,200283844,32000,0.1217,4bsw-nn7w,https://data.calgary.ca/resource/4bsw-nn7w.json?%24where=upper%28address%29+like+%27%255500%25%27+and+upper%28address%29+like+%27%25SOMERVALE%25%27&%24limit=1000&%24offset=0
2,C-OCU-20260226T222831Z-002,S-OCU-20260226T222831Z-002,1000 Somervale Court SW,209 1000 SOMERVALE CO SW,209,209,same_unit,200,same_floor_plan,same unit identifier across related building,stack:09|sub_property_use:R201|land_use:M-C2|assessed_bucket:262500,96.17,13,16,property_type;assessment_class;assessment_class_description;land_use_designation;sub_property_use;comm_code;comm_name;assessed_value;re_assessed_value;nr_assessed_value;fl_assessed_value;land_size_sm;land_size_sf;land_size_ac;year_of_construction;roll_year,property_type;assessment_class;assessment_class_description;land_use_designation;sub_property_use;comm_code;comm_name;assessed_value;re_assessed_value;nr_assessed_value;fl_assessed_value;year_of_construction;roll_year,SOMERSET,263000,263000,0,0,2026,2001.0,LI,RE,Residential,M-C2,R201,7560.0,,757514849,0,0.0000,4bsw-nn7w,https://data.calgary.ca/resource/4bsw-nn7w.json?%24where=upper%28address%29+like+%27%251000%25%27+and+upper%28address%29+like+%27%25SOMERVALE%25%27&%24limit=1000&%24offset=0
3,C-OCU-20260226T222831Z-003,S-OCU-20260226T222831Z-003,2000 Somervale Court SW,209 2000 SOMERVALE CO SW,209,209,same_unit,200,same_floor_plan,same unit identifier across related building,stack:09|sub_property_use:R201|land_use:M-C2|assessed_bucket:262500,95.77,13,16,property_type;assessment_class;assessment_class_description;land_use_designation;sub_property_use;comm_code;comm_name;assessed_value;re_assessed_value;nr_assessed_value;fl_assessed_value;land_size_sm;land_size_sf;land_size_ac;year_of_construction;roll_year,property_type;assessment_class;assessment_class_description;land_use_designation;sub_property_use;comm_code;comm_name;assessed_value;re_assessed_value;nr_assessed_value;fl_assessed_value;year_of_construction;roll_year,SOMERSET,263000,263000,0,0,2026,2001.0,LI,RE,Residential,M-C2,R201,7770.0,,757503925,0,0.0000,4bsw-nn7w,https://data.calgary.ca/resource/4bsw-nn7w.json?%24where=upper%28address%29+like+%27%252000%25%27+and+upper%28address%29+like+%27%25SOMERVALE%25%27&%24limit=1000&%24offset=0
4,C-OCU-20260226T222831Z-004,S-OCU-20260226T222831Z-004,6000 Somervale Court SW,209 6000 SOMERVALE CO SW,209,209,same_unit,200,same_floor_plan,same unit identifier across related building,stack:09|sub_property_use:R201|land_use:M-C2|assessed_bucket:265000,93.69,13,16,property_type;assessment_class;assessment_class_description;land_use_designation;sub_property_use;comm_code;comm_name;assessed_value;re_assessed_value;nr_assessed_value;fl_assessed_value;land_size_sm;land_size_sf;land_size_ac;year_of_construction;roll_year,property_type;assessment_class;assessment_class_description;land_use_designation;sub_property_use;comm_code;comm_name;assessed_value;re_assessed_value;nr_assessed_value;fl_assessed_value;year_of_construction;roll_year,SOMERSET,265500,265500,0,0,2026,2001.0,LI,RE,Residential,M-C2,R201,8980.0,,757510300,2500,0.0095,4bsw-nn7w,https://data.calgary.ca/resource/4bsw-nn7w.json?%24where=upper%28address%29+like+%27%256000%25%27+and+upper%28address%29+like+%27%25SOMERVALE%25%27&%24limit=1000&%24offset=0
5,C-OCU-20260226T222831Z-005,S-OCU-20260226T222831Z-005,4000 Somervale Court SW,209 4000 SOMERVALE CO SW,209,209,same_unit,200,same_floor_plan,same unit identifier across related building,stack:09|sub_property_use:R201|land_use:M-C2|assessed_bucket:265000,91.34,13,16,property_type;assessment_class;assessment_class_description;land_use_designation;sub_property_use;comm_code;comm_name;assessed_value;re_assessed_value;nr_assessed_value;fl_assessed_value;land_size_sm;land_size_sf;land_size_ac;year_of_construction;roll_year,property_type;assessment_class;assessment_class_description;land_use_designation;sub_property_use;comm_code;comm_name;assessed_value;re_assessed_value;nr_assessed_value;fl_assessed_value;year_of_construction;roll_year,SOMERSET,265500,265500,0,0,2026,2001.0,LI,RE,Residential,M-C2,R201,11050.0,,757505540,2500,0.0095,4bsw-nn7w,https://data.calgary.ca/resource/4bsw-nn7w.json?%24where=upper%28address%29+like+%27%254000%25%27+and+upper%28address%29+like+%27%25SOMERVALE%25%27&%24limit=1000&%24offset=0
6,C-OCU-20260226T222831Z-006,S-OCU-20260226T222831Z-006,5000 Somervale Court SW,209 5000 SOMERVALE CO SW,209,209,same_unit,200,same_floor_plan,same unit identifier across related building,stack:09|sub_property_use:R201|land_use:M-C2|assessed_bucket:177500,84.60,11,16,property_type;assessment_class;assessment_class_description;land_use_designation;sub_property_use;comm_code;comm_name;assessed_value;re_assessed_value;nr_assessed_value;fl_assessed_value;land_size_sm;land_size_sf;land_size_ac;year_of_construction;roll_year,property_type;assessment_class;assessment_class_description;land_use_designation;sub_property_use;comm_code;comm_name;nr_assessed_value;fl_assessed_value;year_of_construction;roll_year,SOMERSET,176500,176500,0,0,2026,2003.0,LI,RE,Residential,M-C2,R201,15100.0,,200387371,-86500,-0.3289,4bsw-nn7w,https://data.calgary.ca/resource/4bsw-nn7w.json?%24where=upper%28address%29+like+%27%255000%25%27+and+upper%28address%29+like+%27%25SOMERVALE%25%27&%24limit=1000&%24offset=0
7,C-OCU-20260226T222831Z-007,S-OCU-20260226T222831Z-007,5000 Somervale Court SW,209V 5000 SOMERVALE CO SW,209V,209,same_stack+same_floor,150,same_floor_plan,same stack with strong metric similarity,stack:09|sub_property_use:A004|land_use:M-C2|assessed_bucket:10000,70.57,10,16,property_type;assessment_class;assessment_class_description;land_use_designation;sub_property_use;comm_code;comm_name;assessed_value;re_assessed_value;nr_assessed_value;fl_assessed_value;land_size_sm;land_size_sf;land_size_ac;year_of_construction;roll_year,property_type;assessment_class;assessment_class_description;land_use_designation;comm_code;comm_name;nr_assessed_value;fl_assessed_value;year_of_construction;roll_year,SOMERSET,10000,10000,0,0,2026,2003.0,LI,RE,Residential,M-C2,A004,15100.0,,200386126,-253000,-0.9620,4bsw-nn7w,https://data.calgary.ca/resource/4bsw-nn7w.json?%24where=upper%28address%29+like+%27%255000%25%27+and+upper%28address%29+like+%27%25SOMERVALE%25%27&%24limit=1000&%24offset=0
8,C-OCU-20260226T222831Z-008,S-OCU-20260226T222831Z-008,3000 Somervale Court SW,309 3000 SOMERVALE CO SW,309,209,same_stack+adjacent_floor,120,same_floor_plan,same stack with strong metric similarity,stack:09|sub_property_use:R201|land_use:M-C2|assessed_bucket:267500,99.79,16,16,property_type;assessment_class;assessment_class_description;land_use_designation;sub_property_use;comm_code;comm_name;assessed_value;re_assessed_value;nr_assessed_value;fl_assessed_value;land_size_sm;land_size_sf;land_size_ac;year_of_construction;roll_year,property_type;assessment_class;assessment_class_description;land_use_designation;sub_property_use;comm_code;comm_name;assessed_value;re_assessed_value;nr_assessed_value;fl_assessed_value;land_size_sm;land_size_sf;land_size_ac;year_of_construction;roll_year,SOMERSET,267500,267500,0,0,2026,2001.0,LI,RE,Residential,M-C2,R201,6010.0,,757507306,4500,0.0171,4bsw-nn7w,https://data.calgary.ca/resource/4bsw-nn7w.json?%24where=upper%28address%29+like+%27%253000%25%27+and+upper%28address%29+like+%27%25SOMERVALE%25%27&%24limit=1000&%24offset=0
9,C-OCU-20260226T222831Z-009,S-OCU-20260226T222831Z-009,3000 Somervale Court SW,109 3000 SOMERVALE CO SW,109,209,same_stack+adjacent_floor,120,same_floor_plan,same stack with strong metric similarity,stack:09|sub_property_use:R201|land_use:M-C2|assessed_bucket:257500,99.79,16,16,property_type;assessment_class;assessment_class_description;land_use_designation;sub_property_use;comm_code;comm_name;assessed_value;re_assessed_value;nr_assessed_value;fl_assessed_value;land_size_sm;land_size_sf;land_size_ac;year_of_construction;roll_year,property_type;assessment_class;assessment_class_description;land_use_designation;sub_property_use;comm_code;comm_name;assessed_value;re_assessed_value;nr_assessed_value;fl_assessed_value;land_size_sm;land_size_sf;land_size_ac;year_of_construction;roll_year,SOMERSET,258500,258500,0,0,2026,2001.0,LI,RE,Residential,M-C2,R201,6010.0,,757506548,-4500,-0.0171,4bsw-nn7w,https://data.calgary.ca/resource/4bsw-nn7w.json?%24where=upper%28address%29+like+%27%253000%25%27+and+upper%28address%29+like+%27%25SOMERVALE%25%27&%24limit=1000&%24offset=0
10,C-OCU-20260226T222831Z-010,S-OCU-20260226T222831Z-010,5500 Somervale Court SW,109 5500 SOMERVALE CO SW,109,209,same_stack+adjacent_floor,120,same_floor_plan,same stack with strong metric similarity,stack:09|sub_property_use:R201|land_use:M-C2|assessed_bucket:290000,98.62,16,16,property_type;assessment_class;assessment_class_description;land_use_designation;sub_property_use;comm_code;comm_name;assessed_value;re_assessed_value;nr_assessed_value;fl_assessed_value;land_size_sm;land_size_sf;land_size_ac;year_of_construction;roll_year,property_type;assessment_class;assessment_class_description;land_use_designation;sub_property_use;comm_code;comm_name;assessed_value;re_assessed_value;nr_assessed_value;fl_assessed_value;land_size_sm;land_size_sf;land_size_ac;year_of_construction;roll_year,SOMERSET,290000,290000,0,0,2026,2003.0,LI,RE,Residential,M-C2,R201,6090.0,,200284784,27000,0.1027,4bsw-nn7w,https://data.calgary.ca/resource/4bsw-nn7w.json?%24where=upper%28address%29+like+%27%255500%25%27+and+upper%28address%29+like+%27%25SOMERVALE%25%27&%24limit=1000&%24offset=0
11,C-OCU-20260226T222831Z-011,S-OCU-20260226T222831Z-011,5500 Somervale Court SW,309 5500 SOMERVALE CO SW,309,209,same_stack+adjacent_floor,120,same_floor_plan,same stack with strong metric similarity,stack:09|sub_property_use:R201|land_use:M-C2|assessed_bucket:300000,98.25,14,16,property_type;assessment_class;assessment_class_description;land_use_designation;sub_property_use;comm_code;comm_name;assessed_value;re_assessed_value;nr_assessed_value;fl_assessed_value;land_size_sm;land_size_sf;land_size_ac;year_of_construction;roll_year,property_type;assessment_class;assessment_class_description;land_use_designation;sub_property_use;comm_code;comm_name;nr_assessed_value;fl_assessed_value;land_size_sm;land_size_sf;land_size_ac;year_of_construction;roll_year,SOMERSET,300000,300000,0,0,2026,2003.0,LI,RE,Residential,M-C2,R201,6090.0,,200284966,37000,0.1407,4bsw-nn7w,https://data.calgary.ca/resource/4bsw-nn7w.json?%24where=upper%28address%29+like+%27%255500%25%27+and+upper%28address%29+like+%27%25SOMERVALE%25%27&%24limit=1000&%24offset=0
12,C-OCU-20260226T222831Z-012,S-OCU-20260226T222831Z-012,1000 Somervale Court SW,309 1000 SOMERVALE CO SW,309,209,same_stack+adjacent_floor,120,same_floor_plan,same stack with strong metric similarity,stack:09|sub_property_use:R201|land_use:M-C2|assessed_bucket:267500,95.96,13,16,property_type;assessment_class;assessment_class_description;land_use_designation;sub_property_use;comm_code;comm_name;assessed_value;re_assessed_value;nr_assessed_value;fl_assessed_value;land_size_sm;land_size_sf;land_size_ac;year_of_construction;roll_year,property_type;assessment_class;assessment_class_description;land_use_designation;sub_property_use;comm_code;comm_name;assessed_value;re_assessed_value;nr_assessed_value;fl_assessed_value;year_of_construction;roll_year,SOMERSET,267500,267500,0,0,2026,2001.0,LI,RE,Residential,M-C2,R201,7560.0,,757515226,4500,0.0171,4bsw-nn7w,https://data.calgary.ca/resource/4bsw-nn7w.json?%24where=upper%28address%29+like+%27%251000%25%27+and+upper%28address%29+like+%27%25SOMERVALE%25%27&%24limit=1000&%24offset=0
13,C-OCU-20260226T222831Z-013,S-OCU-20260226T222831Z-013,1000 Somervale Court SW,109 1000 SOMERVALE CO SW,109,209,same_stack+adjacent_floor,120,same_floor_plan,same stack with strong metric similarity,stack:09|sub_property_use:R201|land_use:M-C2|assessed_bucket:257500,95.95,13,16,property_type;assessment_class;assessment_class_description;land_use_designation;sub_property_use;comm_code;comm_name;assessed_value;re_assessed_value;nr_assessed_value;fl_assessed_value;land_size_sm;land_size_sf;land_size_ac;year_of_construction;roll_year,property_type;assessment_class;assessment_class_description;land_use_designation;sub_property_use;comm_code;comm_name;assessed_value;re_assessed_value;nr_assessed_value;fl_assessed_value;year_of_construction;roll_year,SOMERSET,258500,258500,0,0,2026,2001.0,LI,RE,Residential,M-C2,R201,7560.0,,757514468,-4500,-0.0171,4bsw-nn7w,https://data.calgary.ca/resource/4bsw-nn7w.json?%24where=upper%28address%29+like+%27%251000%25%27+and+upper%28address%29+like+%27%25SOMERVALE%25%27&%24limit=1000&%24offset=0
14,C-OCU-20260226T222831Z-014,S-OCU-20260226T222831Z-014,2000 Somervale Court SW,309 2000 SOMERVALE CO SW,309,209,same_stack+adjacent_floor,120,same_floor_plan,same stack with strong metric similarity,stack:09|sub_property_use:R201|land_use:M-C2|assessed_bucket:267500,95.56,13,16,property_type;assessment_class;assessment_class_description;land_use_designation;sub_property_use;comm_code;comm_name;assessed_value;re_assessed_value;nr_assessed_value;fl_assessed_value;land_size_sm;land_size_sf;land_size_ac;year_of_construction;roll_year,property_type;assessment_class;assessment_class_description;land_use_designation;sub_property_use;comm_code;comm_name;assessed_value;re_assessed_value;nr_assessed_value;fl_assessed_value;year_of_construction;roll_year,SOMERSET,267500,267500,0,0,2026,2001.0,LI,RE,Residential,M-C2,R201,7770.0,,757504303,4500,0.0171,4bsw-nn7w,https://data.calgary.ca/resource/4bsw-nn7w.json?%24where=upper%28address%29+like+%27%252000%25%27+and+upper%28address%29+like+%27%25SOMERVALE%25%27&%24limit=1000&%24offset=0
15,C-OCU-20260226T222831Z-015,S-OCU-20260226T222831Z-015,2000 Somervale Court SW,109 2000 SOMERVALE CO SW,109,209,same_stack+adjacent_floor,120,same_floor_plan,same stack with strong metric similarity,stack:09|sub_property_use:R201|land_use:M-C2|assessed_bucket:257500,95.55,13,16,property_type;assessment_class;assessment_class_description;land_use_designation;sub_property_use;comm_code;comm_name;assessed_value;re_assessed_value;nr_assessed_value;fl_assessed_value;land_size_sm;land_size_sf;land_size_ac;year_of_construction;roll_year,property_type;assessment_class;assessment_class_description;land_use_designation;sub_property_use;comm_code;comm_name;assessed_value;re_assessed_value;nr_assessed_value;fl_assessed_value;year_of_construction;roll_year,SOMERSET,258500,258500,0,0,2026,2001.0,LI,RE,Residential,M-C2,R201,7770.0,,757503545,-4500,-0.0171,4bsw-nn7w,https://data.calgary.ca/resource/4bsw-nn7w.json?%24where=upper%28address%29+like+%27%252000%25%27+and+upper%28address%29+like+%27%25SOMERVALE%25%27&%24limit=1000&%24offset=0
16,C-OCU-20260226T222831Z-016,S-OCU-20260226T222831Z-016,6000 Somervale Court SW,109 6000 SOMERVALE CO SW,109,209,same_stack+adjacent_floor,120,same_floor_plan,same stack with strong metric similarity,stack:09|sub_property_use:R201|land_use:M-C2|assessed_bucket:260000,93.72,13,16,property_type;assessment_class;assessment_class_description;land_use_designation;sub_property_use;comm_code;comm_name;assessed_value;re_assessed_value;nr_assessed_value;fl_assessed_value;land_size_sm;land_size_sf;land_size_ac;year_of_construction;roll_year,property_type;assessment_class;assessment_class_description;land_use_designation;sub_property_use;comm_code;comm_name;assessed_value;re_assessed_value;nr_assessed_value;fl_assessed_value;year_of_construction;roll_year,SOMERSET,261000,261000,0,0,2026,2001.0,LI,RE,Residential,M-C2,R201,8980.0,,757509948,-2000,-0.0076,4bsw-nn7w,https://data.calgary.ca/resource/4bsw-nn7w.json?%24where=upper%28address%29+like+%27%256000%25%27+and+upper%28address%29+like+%27%25SOMERVALE%25%27&%24limit=1000&%24offset=0
17,C-OCU-20260226T222831Z-017,S-OCU-20260226T222831Z-017,6000 Somervale Court SW,309 6000 SOMERVALE CO SW,309,209,same_stack+adjacent_floor,120,same_floor_plan,same stack with strong metric similarity,stack:09|sub_property_use:R201|land_use:M-C2|assessed_bucket:270000,93.49,13,16,property_type;assessment_class;assessment_class_description;land_use_designation;sub_property_use;comm_code;comm_name;assessed_value;re_assessed_value;nr_assessed_value;fl_assessed_value;land_size_sm;land_size_sf;land_size_ac;year_of_construction;roll_year,property_type;assessment_class;assessment_class_description;land_use_designation;sub_property_use;comm_code;comm_name;assessed_value;re_assessed_value;nr_assessed_value;fl_assessed_value;year_of_construction;roll_year,SOMERSET,270000,270000,0,0,2026,2001.0,LI,RE,Residential,M-C2,R201,8980.0,,757510680,7000,0.0266,4bsw-nn7w,https://data.calgary.ca/resource/4bsw-nn7w.json?%24where=upper%28address%29+like+%27%256000%25%27+and+upper%28address%29+like+%27%25SOMERVALE%25%27&%24limit=1000&%24offset=0
18,C-OCU-20260226T222831Z-018,S-OCU-20260226T222831Z-018,4000 Somervale Court SW,109 4000 SOMERVALE CO SW,109,209,same_stack+adjacent_floor,120,same_floor_plan,same stack with strong metric similarity,stack:09|sub_property_use:R201|land_use:M-C2|assessed_bucket:260000,91.36,13,16,property_type;assessment_class;assessment_class_description;land_use_designation;sub_property_use;comm_code;comm_name;assessed_value;re_assessed_value;nr_assessed_value;fl_assessed_value;land_size_sm;land_size_sf;land_size_ac;year_of_construction;roll_year,property_type;assessment_class;assessment_class_description;land_use_designation;sub_property_use;comm_code;comm_name;assessed_value;re_assessed_value;nr_assessed_value;fl_assessed_value;year_of_construction;roll_year,SOMERSET,261000,261000,0,0,2026,2001.0,LI,RE,Residential,M-C2,R201,11050.0,,757505185,-2000,-0.0076,4bsw-nn7w,https://data.calgary.ca/resource/4bsw-nn7w.json?%24where=upper%28address%29+like+%27%254000%25%27+and+upper%28address%29+like+%27%25SOMERVALE%25%27&%24limit=1000&%24offset=0
19,C-OCU-20260226T222831Z-019,S-OCU-20260226T222831Z-019,4000 Somervale Court SW,309 4000 SOMERVALE CO SW,309,209,same_stack+adjacent_floor,120,same_floor_plan,same stack with strong metric similarity,stack:09|sub_property_use:R201|land_use:M-C2|assessed_bucket:270000,91.14,13,16,property_type;assessment_class;assessment_class_description;land_use_designation;sub_property_use;comm_code;comm_name;assessed_value;re_assessed_value;nr_assessed_value;fl_assessed_value;land_size_sm;land_size_sf;land_size_ac;year_of_construction;roll_year,property_type;assessment_class;assessment_class_description;land_use_designation;sub_property_use;comm_code;comm_name;assessed_value;re_assessed_value;nr_assessed_value;fl_assessed_value;year_of_construction;roll_year,SOMERSET,270000,270000,0,0,2026,2001.0,LI,RE,Residential,M-C2,R201,11050.0,,757505920,7000,0.0266,4bsw-nn7w,https://data.calgary.ca/resource/4bsw-nn7w.json?%24where=upper%28address%29+like+%27%254000%25%27+and+upper%28address%29+like+%27%25SOMERVALE%25%27&%24limit=1000&%24offset=0
20,C-OCU-20260226T222831Z-020,S-OCU-20260226T222831Z-020,5000 Somervale Court SW,309 5000 SOMERVALE CO SW,309,209,same_stack+adjacent_floor,120,same_floor_plan,same stack with strong metric similarity,stack:09|sub_property_use:R201|land_use:M-C2|assessed_bucket:177500,84.70,11,16,property_type;assessment_class;assessment_class_description;land_use_designation;sub_property_use;comm_code;comm_name;assessed_value;re_assessed_value;nr_assessed_value;fl_assessed_value;land_size_sm;land_size_sf;land_size_ac;year_of_construction;roll_year,property_type;assessment_class;assessment_class_description;land_use_designation;sub_property_use;comm_code;comm_name;nr_assessed_value;fl_assessed_value;year_of_construction;roll_year,SOMERSET,178500,178500,0,0,2026,2003.0,LI,RE,Residential,M-C2,R201,15100.0,,200385516,-84500,-0.3213,4bsw-nn7w,https://data.calgary.ca/resource/4bsw-nn7w.json?%24where=upper%28address%29+like+%27%255000%25%27+and+upper%28address%29+like+%27%25SOMERVALE%25%27&%24limit=1000&%24offset=0
21,C-OCU-20260226T222831Z-021,S-OCU-20260226T222831Z-021,3000 Somervale Court SW,109V 3000 SOMERVALE CO SW,109V,209,same_stack+adjacent_floor,120,same_floor_plan,same stack with strong metric similarity,stack:09|sub_property_use:A004|land_use:M-C2|assessed_bucket:10000,81.85,13,16,property_type;assessment_class;assessment_class_description;land_use_designation;sub_property_use;comm_code;comm_name;assessed_value;re_assessed_value;nr_assessed_value;fl_assessed_value;land_size_sm;land_size_sf;land_size_ac;year_of_construction;roll_year,property_type;assessment_class;assessment_class_description;land_use_designation;comm_code;comm_name;nr_assessed_value;fl_assessed_value;land_size_sm;land_size_sf;land_size_ac;year_of_construction;roll_year,SOMERSET,10000,10000,0,0,2026,2001.0,LI,RE,Residential,M-C2,A004,6010.0,,757508502,-253000,-0.9620,4bsw-nn7w,https://data.calgary.ca/resource/4bsw-nn7w.json?%24where=upper%28address%29+like+%27%253000%25%27+and+upper%28address%29+like+%27%25SOMERVALE%25%27&%24limit=1000&%24offset=0
22,C-OCU-20260226T222831Z-022,S-OCU-20260226T222831Z-022,6000 Somervale Court SW,109V 6000 SOMERVALE CO SW,109V,209,same_stack+adjacent_floor,120,same_floor_plan,same stack with strong metric similarity,stack:09|sub_property_use:A004|land_use:M-C2|assessed_bucket:10000,75.66,10,16,property_type;assessment_class;assessment_class_description;land_use_designation;sub_property_use;comm_code;comm_name;assessed_value;re_assessed_value;nr_assessed_value;fl_assessed_value;land_size_sm;land_size_sf;land_size_ac;year_of_construction;roll_year,property_type;assessment_class;assessment_class_description;land_use_designation;comm_code;comm_name;nr_assessed_value;fl_assessed_value;year_of_construction;roll_year,SOMERSET,10000,10000,0,0,2026,2001.0,LI,RE,Residential,M-C2,A004,8980.0,,757511761,-253000,-0.9620,4bsw-nn7w,https://data.calgary.ca/resource/4bsw-nn7w.json?%24where=upper%28address%29+like+%27%256000%25%27+and+upper%28address%29+like+%27%25SOMERVALE%25%27&%24limit=1000&%24offset=0
23,C-OCU-20260226T222831Z-023,S-OCU-20260226T222831Z-023,3000 Somervale Court SW,409 3000 SOMERVALE CO SW,409,209,same_stack+near_floor,110,same_floor_plan,same stack with strong metric similarity,stack:09|sub_property_use:R201|land_use:M-C2|assessed_bucket:272500,99.59,16,16,property_type;assessment_class;assessment_class_description;land_use_designation;sub_property_use;comm_code;comm_name;assessed_value;re_assessed_value;nr_assessed_value;fl_assessed_value;land_size_sm;land_size_sf;land_size_ac;year_of_construction;roll_year,property_type;assessment_class;assessment_class_description;land_use_designation;sub_property_use;comm_code;comm_name;assessed_value;re_assessed_value;nr_assessed_value;fl_assessed_value;land_size_sm;land_size_sf;land_size_ac;year_of_construction;roll_year,SOMERSET,272000,272000,0,0,2026,2001.0,LI,RE,Residential,M-C2,R201,6010.0,,757507686,9000,0.0342,4bsw-nn7w,https://data.calgary.ca/resource/4bsw-nn7w.json?%24where=upper%28address%29+like+%27%253000%25%27+and+upper%28address%29+like+%27%25SOMERVALE%25%27&%24limit=1000&%24offset=0
24,C-OCU-20260226T222831Z-024,S-OCU-20260226T222831Z-024,5500 Somervale Court SW,409 5500 SOMERVALE CO SW,409,209,same_stack+near_floor,110,same_floor_plan,same stack with strong metric similarity,stack:09|sub_property_use:R201|land_use:M-C2|assessed_bucket:307500,97.98,14,16,property_type;assessment_class;assessment_class_description;land_use_designation;sub_property_use;comm_code;comm_name;assessed_value;re_assessed_value;nr_assessed_value;fl_assessed_value;land_size_sm;land_size_sf;land_size_ac;year_of_construction;roll_year,property_type;assessment_class;assessment_class_description;land_use_designation;sub_property_use;comm_code;comm_name;nr_assessed_value;fl_assessed_value;land_size_sm;land_size_sf;land_size_ac;year_of_construction;roll_year,SOMERSET,307500,307500,0,0,2026,2003.0,LI,RE,Residential,M-C2,R201,6090.0,,200283372,44500,0.1692,4bsw-nn7w,https://data.calgary.ca/resource/4bsw-nn7w.json?%24where=upper%28address%29+like+%27%255500%25%27+and+upper%28address%29+like+%27%25SOMERVALE%25%27&%24limit=1000&%24offset=0
25,C-OCU-20260226T222831Z-025,S-OCU-20260226T222831Z-025,1000 Somervale Court SW,409 1000 SOMERVALE CO SW,409,209,same_stack+near_floor,110,same_floor_plan,same stack with strong metric similarity,stack:09|sub_property_use:R201|land_use:M-C2|assessed_bucket:272500,95.75,13,16,property_type;assessment_class;assessment_class_description;land_use_designation;sub_property_use;comm_code;comm_name;assessed_value;re_assessed_value;nr_assessed_value;fl_assessed_value;land_size_sm;land_size_sf;land_size_ac;year_of_construction;roll_year,property_type;assessment_class;assessment_class_description;land_use_designation;sub_property_use;comm_code;comm_name;assessed_value;re_assessed_value;nr_assessed_value;fl_assessed_value;year_of_construction;roll_year,SOMERSET,272000,272000,0,0,2026,2001.0,LI,RE,Residential,M-C2,R201,7560.0,,757515606,9000,0.0342,4bsw-nn7w,https://data.calgary.ca/resource/4bsw-nn7w.json?%24where=upper%28address%29+like+%27%251000%25%27+and+upper%28address%29+like+%27%25SOMERVALE%25%27&%24limit=1000&%24offset=0
26,C-OCU-20260226T222831Z-026,S-OCU-20260226T222831Z-026,2000 Somervale Court SW,409 2000 SOMERVALE CO SW,409,209,same_stack+near_floor,110,same_floor_plan,same stack with strong metric similarity,stack:09|sub_property_use:R201|land_use:M-C2|assessed_bucket:272500,95.36,13,16,property_type;assessment_class;assessment_class_description;land_use_designation;sub_property_use;comm_code;comm_name;assessed_value;re_assessed_value;nr_assessed_value;fl_assessed_value;land_size_sm;land_size_sf;land_size_ac;year_of_construction;roll_year,property_type;assessment_class;assessment_class_description;land_use_designation;sub_property_use;comm_code;comm_name;assessed_value;re_assessed_value;nr_assessed_value;fl_assessed_value;year_of_construction;roll_year,SOMERSET,272000,272000,0,0,2026,2001.0,LI,RE,Residential,M-C2,R201,7770.0,,757504683,9000,0.0342,4bsw-nn7w,https://data.calgary.ca/resource/4bsw-nn7w.json?%24where=upper%28address%29+like+%27%252000%25%27+and+upper%28address%29+like+%27%25SOMERVALE%25%27&%24limit=1000&%24offset=0
27,C-OCU-20260226T222831Z-027,S-OCU-20260226T222831Z-027,6000 Somervale Court SW,409 6000 SOMERVALE CO SW,409,209,same_stack+near_floor,110,same_floor_plan,same stack with strong metric similarity,stack:09|sub_property_use:R201|land_use:M-C2|assessed_bucket:287500,92.71,13,16,property_type;assessment_class;assessment_class_description;land_use_designation;sub_property_use;comm_code;comm_name;assessed_value;re_assessed_value;nr_assessed_value;fl_assessed_value;land_size_sm;land_size_sf;land_size_ac;year_of_construction;roll_year,property_type;assessment_class;assessment_class_description;land_use_designation;sub_property_use;comm_code;comm_name;assessed_value;re_assessed_value;nr_assessed_value;fl_assessed_value;year_of_construction;roll_year,SOMERSET,288500,288500,0,0,2026,2001.0,LI,RE,Residential,M-C2,R201,8980.0,,757511068,25500,0.0970,4bsw-nn7w,https://data.calgary.ca/resource/4bsw-nn7w.json?%24where=upper%28address%29+like+%27%256000%25%27+and+upper%28address%29+like+%27%25SOMERVALE%25%27&%24limit=1000&%24offset=0
28,C-OCU-20260226T222831Z-028,S-OCU-20260226T222831Z-028,4000 Somervale Court SW,409 4000 SOMERVALE CO SW,409,209,same_stack+near_floor,110,same_floor_plan,same stack with strong metric similarity,stack:09|sub_property_use:R201|land_use:M-C2|assessed_bucket:275000,90.96,13,16,property_type;assessment_class;assessment_class_description;land_use_designation;sub_property_use;comm_code;comm_name;assessed_value;re_assessed_value;nr_assessed_value;fl_assessed_value;land_size_sm;land_size_sf;land_size_ac;year_of_construction;roll_year,property_type;assessment_class;assessment_class_description;land_use_designation;sub_property_use;comm_code;comm_name;assessed_value;re_assessed_value;nr_assessed_value;fl_assessed_value;year_of_construction;roll_year,SOMERSET,274000,274000,0,0,2026,2001.0,LI,RE,Residential,M-C2,R201,11050.0,,757506308,11000,0.0418,4bsw-nn7w,https://data.calgary.ca/resource/4bsw-nn7w.json?%24where=upper%28address%29+like+%27%254000%25%27+and+upper%28address%29+like+%27%25SOMERVALE%25%27&%24limit=1000&%24offset=0
29,C-OCU-20260226T222831Z-029,S-OCU-20260226T222831Z-029,5000 Somervale Court SW,409 5000 SOMERVALE CO SW,409,209,same_stack+near_floor,110,same_floor_plan,same stack with strong metric similarity,stack:09|sub_property_use:R201|land_use:M-C2|assessed_bucket:180000,84.82,11,16,property_type;assessment_class;assessment_class_description;land_use_designation;sub_property_use;comm_code;comm_name;assessed_value;re_assessed_value;nr_assessed_value;fl_assessed_value;land_size_sm;land_size_sf;land_size_ac;year_of_construction;roll_year,property_type;assessment_class;assessment_class_description;land_use_designation;sub_property_use;comm_code;comm_name;nr_assessed_value;fl_assessed_value;year_of_construction;roll_year,SOMERSET,181000,181000,0,0,2026,2003.0,LI,RE,Residential,M-C2,R201,15100.0,,200386506,-82000,-0.3118,4bsw-nn7w,https://data.calgary.ca/resource/4bsw-nn7w.json?%24where=upper%28address%29+like+%27%255000%25%27+and+upper%28address%29+like+%27%25SOMERVALE%25%27&%24limit=1000&%24offset=0
